<?xml version="1.0"?>
<opencv_storage>
<Q_value type_id="opencv-matrix">
  <rows>4</rows>
  <cols>4</cols>
  <dt>d</dt>
  <data>
    1. 0. 0. -6.7010265192124280e+01 0. 1. 0. 1.1168040974281894e+01 0.
    0. 0. 1. 0. 0. 2.7209167275496278e-02 0.</data></Q_value>
</opencv_storage>
